1 17014541765
2 17050822672
3 17000650766
4 17140941200
5 17026708043
6 16238822630
7 17050999813
8 17016303512
9 17000654207
10 17016304658
11 17000652147
12 17140940875
13 16223734012
14 17020834653
15 16785371339
16 16785370776
17 17000655184
18 17171261565
19 16274745949
20 17040670785
21 16223738754
22 15874182074
23 17000655206
24 17041518145
25 16261656278
26 17017932410
27 16238822506
28 16785370695
29 17016304138
30 17140945763
31 17090648860
32 17171262021
33 17016304133
34 16785371361
35 16740445025
36 17024464392
37 17026963728
38 16223739395
39 17171261410
40  17140946763
41 16785981410
42 17000652848
43 16212917882
44 17171261547
45 17000652969
46 17050589608
47 17026708136
48 16223735966
49 16785371331
50 16756020575
51 17017932508
52 17026709124
53 16785511714
54 16212911631
55 16220710647
56 17000653700
57 17016303166
58 17017916658
59 17024465648
60 16273445450
61 17024465520
62 17000652438
63 17000650369
64 16756608611
65 17016303325
66 17171261670
67 16223735896
68 16785370325
69 17000651850
70 17140941033
71 17014541647
72 16238822397
73 17000653326
74 17000653224
75 17000651568
76 17167856960
77 17140941075
78 16785370591
79 17050545608
80 17000650543
81 17143467187
82 16785371081
83 17069624066
84 16756020612
85 17016304809
86 17000652790
87 16220710317
88 17016304207
89 17016303433
90 16223737486
91 16223732056
92 17016304762
93 17000653705
94 17016304262
95 17000654147
96 17016304363
97 17041516095
98 17040670806
99 17050580493
100 16522190930
101 17000650782
102 18721440254
103 17140941260
104 16740445053
105 17000654465
106 16521635466
107 16238822698
108 17014541659
109 18721491806
110 18640816212
111 13641797504
112 16571182183
113 17140940991
114 17000655027
115 17166764490
116  16522194944
117  16219420538
118  17000651091
119  16536225024
120  16785371073
121  16274742974
122  16536227106
123  16223736363
124  16212948481
125  16785371307
126  17016303418
127  16571153054
128  16212949527
